00000000000000000000000000000000
00000000000000000000000000000000
00000000000000000000000000000000
00000000000000000000000000000000
00000000000000000000000000000000
00000000000090000A00000000000000
00000000000010000100000000000000
00000000001110111100000000000000
00000000001000100000000000000000
00000000001000100000000000000000
00000000001000200000000000000000
00000000002000000000000000000000
00000000000000000000000000000000
00000000000000000000000000000000
00000000000000000000000000000000
00000000000000000000000000000000
00000000000000000000000000000000
00000000000000000000000000000000
