00000000000000000000000000000000
00000000000000000000000000000000
00000000000000000000000000000000
00000000000000000000000000000000
00000000000000000000000000000000
00000000000000000000000000000000
00000000000000001000000000000000
00000000000010091100000000000000
00000000001113001100000000000000
00000000000102111000000000000000
00000000000B11011000000000000000
00000000000006111100000000000000
00000000000000001000000000000000
00000000000000003000000000000000
00000000000000000000000000000000
00000000000000000000000000000000
00000000000000000000000000000000
00000000000000000000000000000000
