00000000000000000000000000000000
00000000000000000000000000000000
00000000000000000000000000000000
00000000000000000000000000000000
00000000000000000000000000000000
000000000000B0000090000000000000
00000000000010000010000000000000
00000000001110011110000000000000
00000000001000010000000000000000
00000000001000010000000000000000
00000000001000011210000000000000
00000000001112000000000000000000
00000000000000000000000000000000
00000000000000000000000000000000
00000000000000000000000000000000
00000000000000000000000000000000
00000000000000000000000000000000
00000000000000000000000000000000
