00000000000000000000000000000000
00000000000000000000000000000000
00000000000000000000000000000000
00000000000000000000000000000000
00000000000000000000000000000000
00000000000000000010000000000000
00000000000000001010000000000000
00000000000000011110000000000000
00000000000003010A00000000000000
00000000000011010000000000000000
000000000000B1213000000000000000
00000000000000011300000000000000
00000000000000000000000000000000
00000000000000000000000000000000
00000000000000000000000000000000
00000000000000000000000000000000
00000000000000000000000000000000
00000000000000000000000000000000
